47	93	144	
47	93	146	
48	93	144	
48	93	145	
48	93	144	
48	94	144	
48	94	144	
47	94	146	
51	93	145	
50	94	144	
49	95	144	
51	94	145	
50	95	145	
60	100	148	
110	129	160	
150	161	176	
143	158	176	
93	123	160	
164	175	188	
168	178	190	
125	145	166	
137	151	170	
53	98	147	
54	96	147	
56	96	147	
54	96	146	
52	96	145	
50	97	144	
52	95	146	
51	96	145	
50	96	144	
51	95	145	
53	96	145	
52	94	144	
51	95	144	
51	95	145	
52	96	145	
53	95	143	
51	96	143	
51	94	144	
52	94	145	
52	95	143	
51	95	144	
51	96	143	
50	96	143	
52	95	145	
51	96	144	
53	96	144	
51	96	145	
52	96	144	
51	96	144	
53	97	146	
52	98	145	
54	97	146	
57	97	148	
57	99	148	
59	99	150	
57	102	149	
59	100	152	
59	101	151	
60	102	152	
60	104	154	
177	193	206	
185	199	207	
206	213	222	
221	228	236	
230	236	242	
224	229	236	
227	233	238	
50	96	148	
52	96	147	
48	97	147	
51	97	147	
50	96	148	
51	97	147	
52	97	148	
51	97	148	
53	97	148	
51	99	148	
53	99	149	
53	99	149	
56	99	149	
54	101	149	
59	100	152	
59	102	152	
61	104	152	
64	106	154	
149	163	177	
149	163	179	
153	162	178	
65	109	153	
58	102	150	
57	100	149	
57	101	149	
57	100	150	
55	101	150	
55	100	149	
56	100	149	
57	99	148	
55	100	149	
57	99	149	
56	100	149	
56	100	148	
53	100	148	
54	100	148	
56	100	148	
55	100	147	
53	99	149	
55	99	146	
54	99	147	
56	100	147	
56	99	148	
55	99	147	
54	99	148	
54	100	147	
56	99	148	
54	99	148	
55	100	148	
57	100	149	
56	100	149	
54	100	149	
57	100	149	
57	100	150	
59	102	150	
70	107	156	
178	186	201	
75	108	156	
67	108	156	
191	195	209	
132	143	174	
194	205	213	
226	229	236	
201	211	216	
226	233	236	
226	234	237	
227	235	239	
237	242	244	
222	231	235	
54	100	153	
54	101	152	
55	101	154	
54	101	152	
53	101	153	
54	102	151	
55	102	151	
54	102	152	
56	102	152	
58	102	152	
57	102	152	
59	103	153	
59	103	153	
59	105	155	
59	105	154	
61	106	154	
61	106	154	
61	106	154	
62	107	156	
64	109	155	
65	108	156	
65	108	155	
85	119	159	
61	106	155	
58	106	155	
59	105	154	
60	105	154	
61	105	153	
60	104	154	
61	104	154	
58	104	154	
60	104	153	
58	104	152	
60	104	152	
59	104	152	
60	102	153	
59	104	152	
58	104	152	
60	103	152	
60	103	151	
57	103	151	
59	102	152	
59	103	150	
58	103	150	
60	102	151	
61	103	152	
59	103	151	
57	103	151	
58	104	151	
60	103	150	
60	102	153	
62	103	153	
61	104	153	
63	106	154	
192	198	206	
210	218	222	
223	227	231	
223	228	232	
231	235	238	
222	224	230	
226	231	235	
218	226	229	
208	215	221	
204	211	217	
205	213	219	
206	213	220	
205	214	220	
215	224	227	
207	215	221	
58	105	157	
57	105	155	
57	105	155	
59	105	157	
58	106	156	
58	106	156	
60	106	157	
58	107	156	
60	107	156	
60	107	157	
59	108	157	
58	108	157	
62	108	158	
63	108	158	
64	109	158	
64	110	157	
62	111	158	
63	110	158	
66	110	159	
66	111	159	
67	111	158	
67	111	158	
65	111	159	
66	111	158	
64	111	159	
62	111	158	
64	111	158	
61	110	158	
62	109	158	
63	110	156	
65	109	157	
64	110	156	
63	109	156	
63	109	157	
64	108	157	
60	109	156	
63	108	156	
63	107	155	
62	108	155	
64	107	154	
62	108	155	
64	107	154	
63	107	154	
65	107	155	
63	107	155	
64	106	155	
63	107	154	
62	107	154	
61	107	155	
64	107	155	
63	107	156	
84	121	161	
119	133	165	
69	112	157	
146	162	176	
179	188	196	
202	211	215	
221	226	229	
217	223	226	
208	217	219	
205	214	216	
209	217	220	
206	214	219	
212	219	223	
201	209	214	
182	192	201	
178	188	197	
184	194	200	
183	193	202	
60	110	161	
61	110	160	
62	110	160	
60	110	161	
61	111	160	
64	111	159	
64	111	160	
62	112	160	
65	112	160	
63	113	161	
65	113	161	
66	114	162	
69	113	163	
65	114	162	
66	114	162	
67	114	162	
69	114	162	
67	114	161	
69	114	163	
69	115	162	
67	116	163	
70	115	163	
71	116	162	
70	116	162	
69	116	162	
69	116	162	
68	116	162	
68	115	163	
67	115	163	
70	115	160	
70	114	161	
69	115	162	
69	115	161	
68	115	161	
69	114	161	
67	114	160	
66	114	160	
68	113	160	
67	113	159	
75	116	161	
70	114	158	
67	114	160	
89	123	163	
65	114	159	
67	112	159	
67	112	158	
67	113	159	
66	113	158	
66	112	158	
67	112	159	
68	113	159	
78	118	162	
93	131	167	
159	176	184	
188	195	198	
178	187	194	
161	175	187	
185	195	201	
196	204	208	
215	220	221	
196	204	207	
187	191	201	
174	184	191	
172	183	190	
170	181	188	
174	186	192	
175	185	192	
171	181	190	
171	178	190	
66	115	165	
66	115	165	
65	116	164	
66	115	164	
68	115	165	
69	115	165	
67	116	164	
68	116	165	
67	117	166	
70	117	165	
68	118	166	
70	118	165	
72	119	165	
72	119	166	
73	118	166	
73	120	164	
73	120	166	
73	120	166	
74	120	167	
75	121	167	
75	121	166	
75	121	167	
76	122	167	
74	122	167	
75	122	166	
75	121	167	
74	121	167	
75	121	167	
76	120	167	
75	122	166	
75	122	167	
74	121	167	
75	120	166	
75	121	166	
74	120	166	
75	119	166	
76	121	164	
90	128	166	
157	165	176	
157	166	177	
158	166	177	
177	185	192	
163	171	183	
182	189	195	
161	169	180	
72	117	163	
76	119	162	
70	118	162	
71	118	162	
71	118	163	
72	119	163	
74	119	163	
75	122	164	
80	124	166	
117	150	175	
129	153	175	
143	163	179	
166	176	187	
200	208	211	
194	202	207	
191	199	203	
210	218	219	
215	220	221	
200	205	209	
182	189	197	
181	190	197	
176	186	194	
182	192	198	
196	205	208	
72	119	169	
72	120	169	
71	120	168	
72	120	168	
72	121	167	
71	122	167	
74	121	169	
72	122	169	
74	122	168	
73	123	168	
73	123	167	
77	123	169	
77	123	170	
78	125	171	
77	125	170	
79	126	170	
77	126	170	
80	125	171	
78	126	170	
79	128	169	
82	128	171	
80	129	172	
81	129	171	
92	132	171	
81	128	170	
91	132	173	
80	129	171	
80	128	171	
81	128	171	
81	128	171	
81	128	170	
79	128	171	
81	128	170	
79	128	169	
116	144	175	
123	148	169	
103	136	170	
96	133	171	
87	130	170	
80	127	168	
105	140	172	
115	145	170	
140	156	174	
82	127	168	
97	133	169	
97	135	167	
130	157	177	
169	176	184	
162	170	180	
124	145	171	
77	123	166	
78	123	166	
80	124	167	
79	125	168	
81	127	169	
83	128	170	
83	129	171	
142	161	182	
192	200	205	
202	204	210	
211	214	217	
182	190	197	
203	212	215	
191	200	203	
194	200	204	
176	186	194	
169	179	187	
184	196	201	
184	193	200	
75	124	172	
76	125	173	
75	125	172	
73	126	173	
77	126	172	
77	126	173	
79	126	172	
76	127	172	
79	127	172	
77	128	173	
79	128	173	
80	130	172	
81	131	173	
84	131	174	
84	131	174	
83	133	174	
85	132	174	
86	132	174	
87	134	176	
166	168	192	
241	242	242	
96	138	178	
89	137	177	
88	136	176	
89	136	176	
88	136	176	
100	141	176	
88	135	176	
88	135	176	
87	135	175	
92	136	176	
203	206	212	
91	137	175	
173	180	190	
178	185	193	
162	173	188	
179	185	193	
87	133	174	
86	131	172	
85	131	172	
83	130	171	
84	130	171	
84	130	171	
82	130	171	
83	132	171	
82	129	171	
85	129	170	
83	131	171	
85	131	172	
94	134	172	
81	129	171	
83	130	171	
81	131	171	
83	131	172	
84	132	173	
135	160	182	
183	193	200	
187	195	202	
192	199	204	
176	186	193	
180	190	196	
208	215	215	
193	201	205	
216	224	224	
203	211	214	
196	204	207	
196	204	207	
207	213	215	
191	199	205	
79	130	177	
80	131	176	
79	131	175	
81	131	176	
81	131	176	
82	131	176	
82	132	175	
86	132	175	
83	133	177	
84	134	176	
85	134	177	
88	135	177	
89	137	178	
95	140	180	
244	246	245	
238	242	241	
93	139	180	
128	156	184	
222	227	227	
227	231	232	
245	245	243	
248	248	246	
231	234	235	
99	144	183	
159	168	190	
98	143	181	
183	195	202	
196	208	213	
95	143	181	
97	142	181	
183	192	200	
215	220	219	
215	218	217	
223	223	223	
230	234	233	
230	234	233	
228	229	228	
117	148	180	
92	139	178	
90	138	176	
90	137	176	
90	136	176	
88	136	176	
87	135	176	
87	135	175	
86	135	174	
87	134	175	
87	134	175	
88	135	176	
86	136	175	
89	136	175	
89	136	176	
90	137	177	
91	139	179	
101	143	178	
231	235	234	
214	218	222	
189	195	202	
221	221	223	
165	183	197	
166	184	196	
192	200	203	
184	190	198	
193	200	204	
194	203	206	
176	187	193	
170	181	189	
159	172	181	
157	169	180	
84	134	179	
84	135	180	
86	136	178	
86	136	180	
86	137	179	
88	137	178	
88	137	179	
88	138	179	
90	138	179	
90	140	180	
91	140	180	
94	142	183	
217	225	228	
244	246	245	
246	248	247	
248	249	248	
249	250	247	
188	195	201	
223	227	227	
223	228	227	
224	226	225	
231	232	231	
232	235	234	
222	224	223	
226	229	228	
218	222	221	
189	197	201	
171	178	186	
190	195	199	
199	202	208	
223	225	224	
179	187	194	
199	204	204	
204	208	208	
205	208	208	
202	205	207	
203	208	209	
205	208	209	
188	194	200	
101	145	181	
97	143	181	
93	142	180	
94	142	180	
93	142	180	
93	142	178	
95	141	180	
96	143	177	
106	147	179	
115	148	180	
97	143	179	
96	143	179	
98	143	179	
209	220	220	
234	237	233	
217	222	221	
224	228	228	
242	243	238	
242	243	238	
242	243	238	
217	221	222	
214	219	220	
191	198	205	
139	165	190	
183	192	197	
179	189	195	
179	189	194	
164	175	182	
154	163	173	
143	156	167	
89	141	182	
89	141	183	
89	142	182	
92	142	182	
91	142	183	
91	143	184	
93	144	184	
95	144	184	
94	145	185	
96	145	185	
115	151	186	
226	230	231	
208	212	215	
212	217	218	
235	240	240	
241	243	242	
245	247	245	
212	218	219	
196	201	204	
200	204	205	
201	205	206	
209	212	211	
203	207	206	
192	198	201	
183	189	193	
187	192	195	
219	220	220	
192	197	200	
198	202	203	
211	214	213	
214	218	217	
224	227	224	
200	204	205	
197	202	204	
184	190	193	
181	188	191	
186	194	195	
203	205	205	
190	194	197	
218	219	218	
189	193	197	
131	161	184	
173	181	190	
189	196	200	
160	174	191	
188	198	202	
173	183	191	
175	185	193	
185	192	199	
197	202	206	
199	203	207	
201	207	208	
192	206	208	
237	237	233	
211	215	216	
196	202	206	
225	230	228	
241	242	237	
242	243	238	
230	231	229	
238	238	233	
222	224	223	
222	226	224	
221	225	223	
218	220	220	
188	196	199	
168	178	185	
184	191	195	
197	200	204	
95	147	187	
98	147	187	
98	147	187	
98	147	187	
99	148	188	
101	149	189	
102	151	189	
161	180	198	
161	178	196	
143	164	188	
215	219	220	
193	199	204	
232	236	234	
200	206	208	
200	205	207	
204	208	210	
227	230	229	
208	212	213	
228	228	227	
214	217	216	
212	217	216	
226	230	225	
48	62	76	
195	187	179	
213	211	203	
193	194	188	
191	191	186	
203	199	189	
201	199	190	
206	207	207	
229	230	225	
232	233	227	
210	214	213	
183	190	193	
225	226	223	
221	222	219	
234	234	229	
232	233	228	
234	234	230	
197	200	201	
206	209	208	
189	194	195	
204	206	206	
200	202	201	
193	196	196	
201	202	203	
191	194	198	
200	203	203	
206	209	209	
215	219	218	
223	224	220	
202	204	205	
196	198	200	
186	192	195	
189	193	197	
181	188	191	
209	213	213	
211	215	214	
215	214	215	
183	188	194	
236	240	234	
232	235	230	
176	185	189	
209	212	211	
217	223	221	
231	233	228	
181	188	194	
177	184	190	
178	187	191	
103	151	190	
101	152	191	
105	153	189	
106	154	189	
153	171	188	
171	182	195	
197	204	207	
209	214	213	
204	209	210	
218	221	220	
184	193	199	
169	183	191	
199	204	205	
197	201	204	
210	213	213	
213	215	213	
202	206	208	
209	214	212	
215	218	216	
222	225	221	
234	232	226	
203	206	207	
120	124	127	
41	57	71	
195	195	190	
197	197	192	
187	182	177	
197	185	176	
186	177	169	
208	200	189	
193	197	198	
198	199	201	
198	199	200	
196	199	200	
197	202	202	
200	205	206	
201	205	205	
198	203	203	
202	206	206	
210	213	212	
222	222	219	
190	196	198	
178	188	197	
198	200	200	
211	212	209	
232	232	224	
226	226	221	
220	221	216	
204	205	204	
189	197	199	
190	195	196	
199	202	202	
188	192	194	
194	198	199	
193	197	199	
170	177	183	
169	177	184	
187	192	195	
190	196	196	
209	212	211	
225	226	221	
219	221	218	
208	212	211	
225	225	221	
212	213	212	
207	209	208	
199	202	203	
191	196	198	
203	209	210	
109	157	194	
109	158	193	
111	159	192	
150	169	192	
205	207	211	
175	186	194	
184	193	198	
193	199	203	
175	187	194	
161	178	191	
165	179	191	
121	163	194	
134	165	190	
130	164	190	
126	163	193	
160	169	183	
203	207	208	
190	199	201	
184	190	194	
161	169	173	
147	147	146	
204	209	207	
61	72	79	
89	95	100	
193	193	187	
201	197	189	
198	192	182	
185	181	173	
215	212	200	
192	190	185	
183	191	194	
193	198	199	
189	195	197	
209	211	210	
189	195	196	
174	182	186	
172	178	182	
172	180	184	
170	176	180	
178	183	185	
197	201	200	
188	191	194	
186	192	194	
214	215	212	
227	226	221	
229	229	223	
143	172	195	
163	183	195	
160	181	195	
182	191	196	
193	198	199	
207	209	207	
189	195	197	
209	209	208	
190	193	197	
191	198	199	
176	184	188	
184	191	192	
197	201	201	
171	178	184	
180	187	189	
181	186	189	
207	210	208	
218	218	214	
218	219	214	
212	214	212	
176	183	186	
170	178	185	
170	180	187	
118	163	195	
182	191	203	
143	169	195	
213	218	217	
169	182	193	
184	194	199	
183	193	199	
192	201	204	
201	205	207	
179	193	199	
193	202	204	
212	214	213	
203	208	208	
182	192	200	
154	173	187	
196	200	203	
205	209	209	
163	173	180	
201	200	195	
193	190	184	
191	192	188	
117	120	121	
59	67	77	
45	60	73	
179	183	179	
193	189	179	
228	216	202	
204	198	189	
203	195	186	
186	180	175	
202	189	175	
189	190	193	
159	168	176	
162	170	178	
166	177	181	
180	185	187	
195	199	199	
195	199	199	
191	195	196	
218	220	215	
205	206	205	
177	189	197	
201	205	205	
200	205	204	
199	203	202	
204	208	207	
228	228	221	
183	194	203	
202	206	207	
209	211	210	
202	203	204	
203	207	205	
199	202	202	
212	212	209	
217	218	214	
189	194	195	
207	208	205	
183	189	193	
186	191	195	
192	194	196	
188	195	196	
188	194	194	
175	183	188	
177	185	189	
183	188	192	
179	187	189	
186	192	194	
179	186	189	
184	190	193	
126	168	199	
155	175	193	
183	191	198	
185	195	200	
189	196	201	
188	195	199	
185	193	198	
197	202	203	
175	188	194	
183	190	199	
192	200	202	
192	200	202	
188	195	199	
151	175	195	
172	184	198	
86	109	117	
190	192	187	
196	199	194	
184	186	184	
178	175	169	
128	135	132	
111	121	121	
57	69	79	
56	68	79	
135	137	136	
192	189	184	
188	180	172	
198	196	189	
195	186	177	
150	148	144	
180	177	169	
202	191	178	
214	215	210	
224	225	216	
211	212	208	
205	207	205	
182	189	193	
197	200	200	
199	203	202	
195	200	200	
211	213	208	
196	199	199	
181	189	192	
194	198	199	
206	207	204	
194	198	199	
194	196	197	
194	198	199	
192	196	198	
211	211	208	
197	200	200	
198	200	200	
201	203	203	
191	196	198	
197	200	201	
194	198	198	
197	201	200	
192	196	198	
189	194	195	
186	192	193	
181	188	191	
177	184	192	
169	178	186	
190	194	196	
171	181	187	
163	173	183	
171	178	184	
175	181	186	
160	170	179	
133	173	200	
134	173	198	
136	173	198	
136	173	198	
163	163	165	
146	171	190	
116	130	137	
166	180	190	
186	193	198	
181	188	191	
205	209	207	
201	207	206	
93	101	105	
132	138	143	
137	139	133	
198	191	180	
207	199	184	
190	200	195	
69	86	104	
119	121	118	
127	130	129	
110	115	114	
70	79	85	
66	77	87	
153	155	154	
192	189	185	
180	172	164	
164	162	158	
168	166	161	
179	179	172	
188	181	171	
199	190	177	
189	195	195	
177	187	192	
183	188	191	
188	194	194	
189	195	195	
160	174	183	
177	186	190	
190	197	199	
194	201	200	
193	200	201	
192	198	199	
194	197	198	
124	137	154	
175	186	192	
193	197	198	
186	193	196	
178	187	192	
180	188	192	
207	207	203	
209	210	205	
187	194	197	
178	184	191	
144	161	174	
97	119	139	
131	147	154	
159	168	174	
105	130	150	
200	204	202	
114	130	149	
125	146	155	
135	147	157	
141	145	153	
179	179	174	
199	202	197	
172	183	186	
108	129	149	
117	127	148	
120	132	140	
151	155	157	
138	139	143	
128	136	139	
163	166	163	
112	129	134	
124	123	132	
96	109	117	
103	115	123	
139	149	150	
102	111	112	
149	150	151	
213	207	196	
197	188	181	
208	209	204	
214	215	207	
193	207	202	
80	98	112	
104	106	106	
154	154	149	
107	108	111	
125	127	128	
84	89	94	
63	75	88	
141	140	138	
161	163	161	
163	164	161	
175	175	171	
183	180	174	
186	185	180	
190	181	171	
183	177	166	
201	176	155	
79	94	100	
86	100	101	
204	206	201	
191	196	195	
207	207	204	
194	191	184	
207	203	192	
184	184	179	
169	172	171	
141	145	147	
146	147	148	
171	172	170	
181	180	175	
128	136	140	
125	130	133	
83	103	111	
91	105	114	
101	113	120	
114	125	134	
127	142	153	
163	162	161	
120	131	139	
119	132	148	
114	129	146	
122	137	148	
126	138	147	
140	143	152	
87	106	123	
115	123	131	
113	122	131	
125	140	147	
186	182	173	
104	111	122	
83	97	115	
68	90	111	
84	100	121	
118	128	140	
133	141	153	
167	168	170	
92	108	120	
126	135	136	
109	124	128	
124	130	130	
173	175	168	
137	144	146	
181	176	170	
150	149	148	
147	153	155	
166	169	171	
203	210	209	
176	178	178	
178	182	182	
82	106	120	
81	96	110	
123	121	117	
109	112	111	
137	138	136	
146	148	148	
60	68	75	
56	66	75	
146	149	145	
193	190	182	
156	152	144	
175	172	162	
180	177	169	
175	166	155	
194	180	167	
203	195	182	
185	179	168	
178	177	172	
82	94	97	
84	98	101	
74	91	95	
113	118	115	
105	113	113	
65	84	92	
64	84	90	
127	130	128	
65	81	91	
70	87	95	
140	143	141	
92	105	114	
83	101	108	
82	100	107	
80	98	108	
80	97	107	
82	97	105	
79	98	107	
84	99	108	
74	96	107	
99	114	123	
138	140	143	
84	104	128	
76	99	123	
109	122	139	
77	96	119	
142	148	148	
123	130	134	
76	96	107	
83	98	108	
71	90	104	
74	90	106	
55	79	103	
54	77	101	
34	54	71	
182	179	174	
127	141	145	
117	130	131	
134	151	150	
158	164	166	
163	162	160	
201	199	193	
189	192	185	
166	164	160	
149	150	145	
192	193	190	
147	149	146	
191	191	188	
164	169	169	
175	175	175	
165	169	170	
120	126	134	
174	164	158	
99	101	100	
109	113	114	
167	169	168	
130	132	133	
153	149	142	
62	73	80	
180	178	170	
131	132	122	
96	101	101	
193	188	177	
203	199	190	
204	189	173	
191	182	172	
215	208	196	
183	175	161	
141	138	129	
70	81	82	
70	81	81	
66	79	79	
68	83	80	
73	84	82	
73	84	84	
71	83	88	
61	80	85	
74	91	92	
85	95	93	
95	103	99	
66	80	77	
63	77	77	
133	134	128	
154	154	150	
135	135	129	
89	98	100	
113	120	120	
89	101	106	
102	111	113	
69	90	101	
124	124	128	
68	86	104	
85	96	109	
77	88	102	
56	72	86	
51	68	84	
72	87	101	
94	103	114	
34	55	73	
60	78	91	
37	59	75	
90	97	109	
39	60	74	
34	54	68	
149	152	154	
167	167	164	
135	143	144	
154	161	156	
108	122	125	
173	172	166	
152	164	159	
148	148	149	
184	183	179	
153	156	157	
157	155	150	
182	169	166	
167	168	169	
194	197	191	
176	182	182	
161	164	165	
202	200	190	
148	152	145	
120	122	118	
132	134	132	
149	150	149	
174	169	162	
156	152	143	
125	118	103	
147	138	125	
74	80	67	
133	135	130	
220	210	195	
225	216	203	
187	180	167	
116	115	104	
218	214	203	
209	201	190	
216	207	196	
70	81	74	
69	81	75	
72	86	75	
68	82	76	
61	74	73	
59	73	72	
60	74	74	
63	77	75	
70	83	79	
73	84	80	
63	76	75	
64	74	76	
81	93	91	
59	77	72	
84	88	84	
99	102	98	
80	86	82	
95	103	96	
70	81	76	
90	102	98	
52	77	98	
76	95	112	
162	163	161	
144	152	151	
87	97	115	
67	83	102	
65	86	103	
68	86	103	
98	109	121	
116	120	124	
90	93	91	
55	65	73	
140	145	134	
156	150	144	
58	70	72	
91	105	112	
120	131	140	
142	147	152	
143	147	153	
157	158	159	
191	187	181	
188	190	183	
196	195	188	
151	152	154	
209	207	202	
199	192	185	
189	191	188	
177	180	179	
188	186	182	
81	91	87	
77	78	74	
44	57	55	
102	105	103	
112	114	111	
126	130	130	
155	158	157	
70	75	78	
200	190	178	
127	126	116	
88	84	80	
107	106	98	
87	92	82	
59	68	55	
95	97	85	
101	102	93	
153	142	131	
145	145	138	
203	200	189	
188	176	162	
62	75	69	
129	129	119	
124	123	111	
63	73	69	
66	79	70	
58	76	67	
60	72	69	
62	76	70	
67	79	73	
58	70	69	
60	73	70	
68	76	74	
62	73	71	
63	76	72	
77	88	83	
64	77	70	
63	76	72	
64	74	70	
71	84	76	
130	125	114	
97	103	92	
92	96	90	
105	112	104	
72	82	96	
67	86	103	
71	88	106	
158	162	162	
166	170	167	
144	150	150	
152	154	154	
160	161	160	
127	126	127	
125	126	120	
140	139	134	
115	120	119	
133	137	140	
164	161	161	
135	143	148	
143	149	152	
168	167	167	
172	170	164	
196	196	190	
181	182	177	
211	209	203	
206	206	201	
197	194	191	
165	169	167	
144	155	156	
56	66	62	
91	101	95	
59	71	65	
46	59	53	
57	70	57	
65	72	63	
157	154	148	
146	151	151	
89	95	96	
177	169	163	
128	129	116	
59	67	53	
53	62	55	
76	78	72	
59	67	56	
63	73	60	
58	68	51	
132	128	120	
122	121	115	
126	123	116	
183	181	171	
209	197	180	
68	79	66	
59	71	65	
74	82	74	
69	80	70	
74	83	73	
77	86	81	
76	83	77	
78	85	79	
49	61	61	
57	71	64	
57	71	67	
72	81	78	
64	76	73	
67	77	73	
81	89	82	
100	101	101	
69	78	70	
146	140	132	
137	134	125	
153	149	140	
69	76	73	
140	137	132	
166	163	154	
83	99	115	
173	173	168	
175	176	173	
169	169	166	
171	175	173	
166	168	166	
41	61	66	
149	147	143	
154	152	152	
120	123	125	
172	173	169	
101	113	115	
131	129	127	
158	155	155	
153	158	158	
167	167	167	
86	97	95	
82	100	96	
193	195	188	
163	165	164	
204	208	204	
140	147	150	
129	142	137	
105	107	112	
111	115	114	
44	59	54	
46	61	56	
32	49	47	
157	150	141	
150	147	136	
190	184	179	
120	126	130	
52	66	77	
120	121	118	
163	158	151	
144	143	137	
71	76	61	
68	68	64	
84	85	72	
81	80	63	
87	88	75	
160	151	136	
160	152	140	
106	108	99	
123	124	118	
121	125	109	
97	102	88	
69	79	64	
75	77	72	
79	85	75	
70	79	65	
60	72	65	
57	67	62	
73	81	73	
60	73	64	
61	74	68	
61	72	69	
94	98	94	
77	86	75	
73	83	76	
131	130	126	
115	115	112	
126	125	122	
121	122	121	
96	99	103	
130	133	129	
169	166	154	
128	127	119	
128	131	125	
145	149	149	
180	180	176	
159	152	150	
64	85	83	
139	140	136	
106	116	113	
147	152	151	
45	44	56	
27	38	46	
33	44	56	
20	33	40	
67	79	82	
80	96	96	
168	169	169	
201	201	195	
199	195	188	
68	85	85	
148	145	139	
210	207	201	
111	114	113	
132	136	129	
85	88	92	
63	82	77	
139	140	138	
88	88	87	
101	105	101	
60	72	69	
92	94	85	
96	92	89	
66	74	61	
104	110	92	
76	83	75	
47	61	72	
103	109	101	
165	162	156	
115	104	89	
82	86	64	
49	53	50	
89	89	75	
113	106	91	
88	89	76	
127	124	112	
168	161	151	
178	165	147	
133	129	115	
81	85	68	
90	93	73	
84	88	72	
60	71	61	
63	71	63	
105	107	102	
64	74	63	
80	87	76	
64	73	68	
67	76	63	
54	67	61	
62	74	66	
70	79	70	
89	96	84	
88	93	83	
57	65	65	
86	94	91	
129	128	127	
159	158	153	
154	151	145	
202	195	181	
146	134	123	
143	141	133	
126	128	121	
60	71	63	
57	73	70	
69	83	84	
66	74	76	
144	147	145	
32	44	57	
28	40	54	
33	42	55	
62	79	83	
27	36	47	
35	46	54	
98	115	111	
101	107	114	
82	98	103	
151	148	149	
129	135	135	
73	92	84	
80	99	92	
129	138	136	
134	138	136	
102	111	107	
116	116	110	
66	72	68	
81	86	79	
53	59	69	
87	91	93	
110	100	101	
95	100	101	
87	95	91	
144	142	134	
69	80	69	
123	121	119	
118	119	115	
106	109	100	
95	98	91	
88	89	77	
69	73	56	
69	71	54	
108	109	101	
91	91	81	
151	151	147	
158	153	142	
132	128	116	
137	132	119	
71	72	61	
158	151	136	
179	168	154	
184	176	159	
145	142	130	
65	72	55	
72	80	67	
64	73	63	
91	95	84	
72	78	70	
73	84	68	
76	84	74	
65	76	67	
60	71	63	
52	69	60	
57	71	62	
63	76	63	
119	123	117	
73	82	79	
67	76	69	
128	131	127	
114	114	114	
80	85	82	
123	126	120	
134	132	127	
172	173	168	
158	158	153	
108	112	111	
114	120	114	
28	39	54	
27	37	50	
28	41	55	
22	34	45	
33	44	61	
27	36	47	
52	58	67	
158	159	158	
127	131	133	
109	116	115	
79	90	90	
90	99	103	
75	84	88	
74	90	91	
169	170	163	
97	106	106	
94	98	98	
124	125	125	
61	72	64	
121	121	120	
160	157	151	
171	172	167	
150	152	150	
102	104	103	
60	69	62	
47	56	53	
115	116	108	
136	141	135	
121	126	125	
155	153	149	
81	88	74	
142	135	125	
141	137	124	
135	129	119	
114	111	99	
114	115	111	
144	141	132	
78	80	67	
118	116	112	
79	79	67	
76	76	63	
67	70	60	
123	122	110	
90	89	79	
125	121	117	
77	79	68	
148	144	132	
103	105	88	
77	81	62	
68	74	56	
96	98	86	
73	78	72	
68	75	65	
50	65	56	
62	75	62	
60	74	61	
98	98	99	
101	103	102	
113	112	109	
117	116	111	
117	112	105	
122	120	114	
143	140	131	
97	97	87	
51	60	57	
64	72	69	
60	70	67	
51	59	57	
28	41	54	
37	48	60	
44	60	73	
35	48	63	
30	44	56	
40	52	61	
52	60	67	
74	74	78	
139	145	144	
174	171	169	
90	96	98	
111	121	125	
108	115	113	
143	135	141	
123	125	124	
135	143	142	
128	137	135	
113	113	114	
129	132	131	
123	124	126	
139	144	143	
132	128	126	
96	97	96	
55	66	61	
47	63	56	
57	69	60	
69	80	74	
95	97	82	
102	111	109	
76	81	79	
124	124	113	
76	79	66	
52	57	49	
59	67	53	
148	142	129	
131	129	125	
119	119	112	
68	72	54	
86	89	81	
152	150	142	
100	101	90	
105	105	91	
128	127	121	
89	92	84	
139	137	124	
116	115	110	
118	118	107	
131	129	113	
125	120	113	
151	145	135	
93	94	70	
66	70	52	
66	73	58	
61	70	58	
61	73	59	
61	72	60	
58	70	59	
65	76	61	
81	87	72	
68	73	67	
87	92	88	
88	91	88	
102	106	95	
96	96	90	
90	92	78	
111	111	103	
72	79	75	
71	75	71	
79	82	88	
29	45	57	
42	57	68	
37	49	62	
46	57	69	
44	59	69	
49	56	69	
61	73	79	
96	103	102	
128	132	136	
159	164	159	
122	131	131	
75	88	99	
55	76	77	
64	82	82	
168	169	167	
129	124	121	
93	102	94	
116	113	114	
109	112	114	
122	125	124	
140	144	142	
149	152	150	
161	165	159	
48	65	61	
58	66	59	
55	68	59	
93	99	94	
96	106	102	
87	100	93	
122	122	121	
76	80	60	
74	77	52	
57	61	46	
66	71	46	
144	139	131	
143	142	138	
57	63	53	
61	67	52	
87	84	62	
130	128	124	
96	97	97	
115	112	105	
131	130	126	
54	59	54	
105	108	102	
117	117	105	
87	89	79	
89	90	78	
79	82	73	
168	166	154	
139	137	124	
156	146	134	
108	108	95	
106	108	91	
80	86	65	
60	70	54	
60	72	56	
87	95	85	
69	75	64	
101	99	96	
85	86	74	
72	72	67	
66	71	49	
90	92	80	
84	84	85	
91	93	91	
91	94	89	
101	102	103	
127	126	124	
41	52	65	
37	48	62	
65	75	85	
65	74	84	
48	59	72	
30	41	52	
70	83	81	
128	129	127	
153	155	153	
175	177	173	
59	77	75	
54	75	73	
52	73	72	
155	154	154	
159	163	164	
113	117	120	
143	147	146	
118	124	121	
113	114	113	
127	130	128	
149	147	144	
121	136	133	
148	140	128	
81	85	77	
162	159	152	
97	102	91	
120	124	122	
140	138	135	
57	65	52	
51	60	44	
57	63	43	
58	65	45	
80	83	64	
56	62	51	
124	123	114	
164	163	158	
81	84	73	
58	62	48	
100	104	96	
140	137	130	
60	63	58	
112	113	106	
118	118	117	
98	100	92	
106	105	103	
93	95	84	
65	70	53	
89	90	78	
65	70	53	
129	128	112	
61	66	52	
144	141	132	
119	117	103	
182	175	161	
171	162	152	
78	77	58	
148	145	130	
70	74	67	
101	102	94	
91	91	91	
85	87	82	
90	92	83	
78	75	72	
106	108	98	
89	89	78	
109	111	107	
118	119	115	
131	128	129	
117	117	115	
54	67	79	
75	87	93	
100	105	109	
86	95	98	
47	57	67	
78	85	88	
181	187	178	
134	139	133	
60	79	80	
50	70	70	
51	72	71	
52	71	74	
48	71	71	
148	141	140	
87	93	96	
156	157	152	
170	174	170	
141	148	145	
146	154	153	
159	161	158	
77	89	80	
51	63	55	
144	141	130	
174	167	160	
102	101	97	
112	108	97	
161	162	158	
49	57	46	
58	69	51	
73	76	59	
46	55	44	
63	72	48	
64	69	48	
63	69	49	
60	65	53	
135	129	122	
129	126	120	
122	120	107	
87	88	72	
121	120	108	
122	122	118	
174	172	163	
105	105	105	
79	80	74	
96	92	89	
55	62	46	
56	66	41	
60	64	45	
108	111	101	
39	48	40	
46	55	38	
67	75	48	
51	55	47	
144	132	125	
123	122	109	
136	136	127	
59	66	47	
91	96	81	
80	83	74	
99	102	100	
84	85	84	
62	70	62	
92	92	94	
101	99	95	
103	108	100	
99	103	94	
128	128	123	
136	138	137	
215	213	202	
127	131	132	
110	115	118	
139	140	139	
121	127	128	
74	80	76	
135	140	138	
181	183	177	
175	171	165	
55	71	71	
51	71	70	
55	74	74	
54	71	75	
105	108	111	
173	174	173	
137	138	130	
149	150	147	
186	190	184	
92	116	108	
84	81	77	
79	93	91	
91	95	91	
92	94	85	
96	101	100	
190	191	185	
101	105	102	
164	164	151	
72	79	62	
50	59	47	
75	76	58	
51	61	42	
67	70	52	
56	64	46	
72	73	53	
93	90	68	
118	116	109	
53	60	50	
63	70	52	
57	61	47	
82	84	71	
159	153	140	
182	178	174	
150	150	144	
127	129	125	
53	60	46	
57	63	51	
69	74	58	
59	67	43	
58	67	44	
54	62	46	
62	67	52	
78	81	60	
71	74	53	
96	93	89	
132	129	122	
90	92	78	
72	77	54	
55	63	43	
63	67	46	
83	82	65	
119	118	104	
86	90	74	
131	124	116	
65	71	57	
66	69	55	
114	115	110	
140	142	140	
95	95	97	
130	131	129	
160	159	154	
135	133	132	
158	161	158	
124	120	121	
133	135	135	
94	90	95	
135	141	139	
147	139	138	
140	141	132	
56	70	71	
64	77	79	
47	68	70	
127	135	133	
175	172	168	
145	147	145	
131	126	124	
132	137	137	
178	172	165	
110	111	110	
84	90	87	
71	76	70	
127	129	128	
64	70	64	
136	136	128	
118	117	106	
93	93	85	
86	91	83	
139	123	110	
66	71	61	
116	116	104	
79	80	66	
55	65	45	
64	73	53	
50	54	45	
80	78	65	
133	128	122	
72	74	62	
95	98	93	
161	156	152	
164	162	155	
163	161	153	
163	158	152	
106	107	105	
68	73	62	
52	59	42	
58	62	49	
40	51	39	
60	66	50	
42	54	38	
42	53	46	
84	85	82	
86	89	86	
110	111	106	
88	85	74	
129	121	115	
73	77	62	
72	74	59	
43	53	38	
49	59	40	
49	60	41	
84	86	61	
116	110	101	
93	86	76	
78	84	63	
76	80	68	
132	134	129	
110	118	104	
147	148	144	
126	125	120	
122	111	118	
132	129	124	
82	83	77	
139	143	141	
138	139	139	
79	90	91	
62	68	67	
175	175	172	
158	161	156	
50	65	67	
53	70	68	
56	75	72	
59	74	73	
170	170	170	
124	129	129	
166	165	163	
103	111	114	
147	146	143	
89	95	93	
116	121	124	
125	128	125	
101	106	105	
126	129	128	
122	123	123	
156	159	149	
100	102	103	
151	147	137	
165	164	152	
128	123	115	
146	143	139	
54	62	51	
73	79	70	
143	141	136	
66	68	56	
128	124	113	
147	145	138	
149	149	144	
145	144	138	
139	135	130	
144	145	139	
162	158	152	
161	159	151	
109	109	99	
94	94	84	
55	60	54	
46	55	46	
85	86	75	
54	61	43	
57	62	49	
69	76	57	
47	59	39	
63	70	52	
59	62	52	
127	120	112	
65	71	55	
85	89	73	
44	52	40	
99	100	83	
71	72	51	
55	63	52	
70	74	60	
37	50	37	
87	88	77	
119	119	105	
109	112	97	
70	75	56	
122	126	120	
161	160	155	
145	145	141	
148	153	145	
179	177	172	
129	125	126	
119	126	124	
77	82	83	
129	132	131	
134	134	133	
160	161	159	
141	140	133	
99	108	109	
53	68	70	
76	82	82	
140	147	147	
161	153	155	
77	84	80	
119	123	123	
137	143	145	
163	169	168	
68	80	76	
89	93	96	
92	95	99	
58	71	66	
138	140	140	
122	129	129	
153	155	152	
129	133	132	
88	92	85	
137	130	126	
134	133	130	
134	138	136	
99	104	100	
95	102	90	
116	116	111	
130	127	121	
117	118	114	
155	153	148	
120	120	113	
136	136	127	
108	109	106	
165	163	160	
158	157	152	
207	205	198	
58	62	53	
87	88	79	
77	81	67	
43	51	35	
55	62	43	
51	54	40	
119	119	109	
59	66	51	
43	52	36	
71	75	59	
63	67	48	
83	84	84	
61	61	55	
86	88	85	
45	53	38	
34	46	36	
72	74	59	
112	113	104	
59	66	44	
162	153	139	
56	60	48	
39	45	38	
66	71	54	
124	120	114	
132	124	116	
139	140	138	
201	200	194	
164	165	160	
172	171	166	
69	72	57	
75	82	66	
92	97	98	
89	92	88	
139	144	140	
150	153	149	
50	58	47	
48	66	66	
49	69	65	
56	70	72	
85	94	93	
83	97	94	
51	63	61	
103	106	106	
106	110	114	
118	122	123	
87	91	90	
104	112	113	
190	187	182	
118	121	119	
110	110	111	
143	144	141	
154	158	154	
74	78	75	
144	144	140	
119	116	113	
103	102	101	
117	113	109	
109	109	104	
155	149	143	
141	141	139	
102	102	101	
104	104	102	
96	96	88	
134	133	129	
111	114	105	
89	90	83	
155	155	152	
154	156	150	
121	121	113	
66	71	60	
43	51	40	
42	51	40	
31	43	37	
41	48	35	
54	61	45	
53	61	40	
70	72	71	
52	60	44	
62	66	47	
47	56	47	
97	97	96	
102	104	103	
71	77	52	
57	65	42	
48	53	45	
42	46	38	
60	65	53	
77	73	61	
84	90	81	
72	79	58	
49	56	42	
62	70	47	
56	60	45	
121	116	111	
67	72	50	
173	158	153	
55	62	50	
203	206	201	
53	65	52	
95	100	88	
56	67	50	
54	62	64	
57	65	52	
103	107	94	
57	78	39	
48	69	65	
55	74	70	
119	131	128	
169	165	162	
97	105	101	
101	104	103	
106	102	108	
123	136	135	
84	88	93	
55	68	60	
144	145	138	
135	137	137	
116	118	117	
143	149	145	
84	91	92	
114	119	116	
116	116	115	
148	137	134	
102	105	102	
128	126	123	
104	100	95	
114	112	97	
109	106	92	
65	71	61	
93	95	85	
104	104	99	
106	102	95	
164	161	158	
128	128	121	
128	125	114	
145	144	139	
185	184	178	
115	118	106	
51	57	46	
135	132	118	
165	162	150	
75	76	63	
70	76	66	
112	96	84	
152	145	139	
108	107	96	
92	90	84	
57	63	49	
55	64	43	
60	66	48	
59	66	49	
54	64	41	
57	66	44	
120	107	87	
86	85	72	
69	69	51	
136	120	106	
110	97	93	
132	121	111	
62	66	54	
73	76	65	
78	81	68	
88	92	74	
72	73	62	
94	94	80	
57	65	46	
92	94	94	
168	169	157	
55	65	56	
107	113	110	
53	61	50	
43	56	43	
50	71	40	
28	41	18	
51	70	68	
51	65	64	
66	77	75	
75	85	81	
71	77	74	
56	69	60	
127	131	133	
117	121	120	
50	61	56	
100	105	106	
145	146	147	
138	134	131	
100	106	108	
128	123	123	
73	78	70	
158	163	163	
105	109	101	
112	112	108	
112	110	107	
170	166	160	
102	105	94	
66	69	56	
92	97	87	
107	109	101	
144	138	133	
140	142	136	
142	143	139	
146	142	137	
147	145	141	
167	167	165	
140	137	136	
116	115	110	
135	136	132	
126	119	112	
175	168	159	
126	124	120	
75	77	60	
118	116	102	
95	93	90	
115	114	109	
62	64	55	
117	108	103	
105	107	101	
70	68	61	
80	83	84	
46	51	43	
75	73	63	
105	105	100	
121	117	107	
127	126	122	
112	111	103	
56	54	57	
89	86	82	
101	91	87	
109	101	94	
52	60	47	
102	99	87	
53	59	49	
51	60	53	
81	83	76	
55	61	60	
157	160	151	
144	145	142	
130	130	127	
47	60	47	
42	57	43	
63	69	62	
82	86	46	
47	62	35	
76	89	87	
57	70	62	
122	130	127	
66	74	69	
98	102	101	
54	67	60	
48	61	58	
82	86	87	
65	74	67	
133	137	140	
111	107	108	
135	132	131	
108	111	112	
92	93	90	
146	150	150	
48	62	56	
147	142	140	
123	114	110	
146	145	138	
103	106	95	
102	101	98	
94	92	84	
140	131	121	
100	98	92	
90	88	88	
112	110	105	
100	105	95	
146	146	140	
148	143	136	
151	151	148	
171	173	168	
117	117	114	
160	153	149	
114	111	107	
135	131	125	
128	124	121	
95	96	90	
121	115	110	
129	125	122	
105	104	103	
83	81	76	
128	120	109	
135	134	123	
82	86	67	
118	111	100	
91	86	75	
81	81	65	
60	64	46	
102	101	100	
121	112	106	
107	93	89	
97	93	91	
89	88	88	
117	117	113	
93	93	92	
51	57	49	
52	58	46	
35	41	49	
72	73	66	
48	55	44	
59	66	50	
55	60	46	
57	66	47	
41	52	39	
38	52	42	
56	69	48	
60	75	31	
7	14	6	
24	32	14	
97	98	101	
144	152	153	
102	102	109	
119	119	119	
53	68	59	
129	134	130	
63	73	65	
74	83	76	
104	112	112	
145	146	146	
134	139	136	
70	80	77	
109	110	102	
108	112	113	
131	140	143	
103	108	107	
86	91	93	
106	102	100	
108	108	105	
67	72	58	
115	114	112	
92	100	91	
127	119	108	
109	108	96	
66	72	65	
81	85	83	
160	161	155	
128	129	120	
165	161	155	
177	174	168	
120	122	120	
123	120	117	
157	155	147	
78	81	72	
114	110	105	
95	91	90	
149	144	139	
161	153	149	
102	97	93	
135	131	123	
94	89	84	
115	113	109	
129	125	108	
127	127	123	
108	109	106	
66	71	54	
64	69	50	
100	103	96	
84	90	80	
156	139	133	
127	113	106	
67	68	68	
89	89	83	
128	126	123	
88	90	78	
123	109	97	
38	43	41	
35	48	44	
42	53	49	
41	49	43	
50	58	50	
58	65	50	
47	59	43	
57	67	47	
134	133	121	
130	127	124	
111	113	99	
68	81	56	
68	81	39	
115	124	123	
121	132	133	
134	136	137	
46	59	56	
126	119	119	
62	75	72	
107	108	105	
158	170	163	
98	103	107	
79	89	86	
113	116	109	
72	82	74	
82	92	91	
147	147	147	
149	152	153	
109	114	114	
117	118	118	
120	125	121	
103	98	98	
109	115	112	
127	127	126	
109	108	99	
130	130	125	
119	124	118	
92	94	94	
103	105	97	
175	178	167	
143	129	115	
124	120	118	
140	140	135	
110	112	110	
111	110	106	
57	63	52	
110	104	102	
124	120	115	
103	95	92	
128	126	122	
142	135	134	
122	116	110	
83	82	82	
109	98	87	
94	97	81	
152	152	148	
92	89	78	
105	109	108	
101	99	96	
46	52	40	
86	90	78	
88	83	75	
131	123	106	
160	151	143	
88	90	80	
108	110	107	
89	85	86	
88	86	83	
156	141	131	
128	132	125	
66	66	71	
59	67	65	
56	58	48	
69	67	59	
83	89	77	
71	71	67	
100	103	92	
76	86	76	
106	106	99	
116	110	107	
43	61	27	
28	40	26	
118	127	126	
115	119	123	
62	71	66	
176	171	172	
98	97	98	
129	140	141	
95	100	98	
67	73	72	
62	72	60	
60	67	61	
88	88	78	
77	86	82	
90	94	94	
100	104	107	
113	115	117	
71	80	71	
83	84	88	
141	142	142	
88	87	75	
124	120	117	
124	122	120	
130	125	124	
102	106	102	
125	122	120	
103	101	103	
139	138	136	
109	111	102	
117	116	110	
179	179	176	
128	126	120	
54	63	50	
75	78	74	
102	96	90	
65	69	57	
158	154	149	
117	114	107	
124	118	114	
60	66	56	
112	115	111	
54	62	43	
71	70	64	
168	164	158	
127	117	111	
62	64	56	
145	140	132	
62	65	61	
107	96	90	
87	90	82	
98	96	90	
90	92	89	
136	129	122	
79	81	71	
130	116	110	
147	144	137	
126	117	112	
113	113	99	
69	74	69	
60	66	69	
116	120	115	
50	58	45	
78	78	71	
84	84	79	
80	81	80	
80	85	73	
57	67	48	
132	129	123	
117	117	115	
34	41	24	
101	113	83	
126	144	138	
86	92	98	
127	126	128	
113	117	121	
141	148	148	
148	152	153	
92	96	102	
74	82	81	
81	85	77	
58	68	62	
60	69	61	
62	72	65	
118	123	121	
118	119	121	
49	56	51	
68	74	64	
152	156	146	
116	118	116	
125	119	120	
170	160	156	
119	115	114	
115	113	110	
148	141	137	
125	123	117	
119	122	119	
53	58	51	
87	84	66	
156	150	146	
78	87	79	
145	143	137	
71	76	66	
134	132	118	
52	58	48	
105	103	97	
101	99	94	
80	81	66	
50	57	44	
54	64	48	
93	94	88	
49	57	44	
124	118	106	
107	105	103	
107	96	91	
101	100	96	
55	59	45	
64	67	54	
72	74	56	
113	107	98	
64	68	50	
105	105	105	
133	134	128	
143	140	138	
93	91	82	
137	137	131	
157	153	150	
118	123	117	
70	74	73	
29	37	43	
61	65	70	
76	82	80	
60	66	66	
78	80	67	
105	101	100	
59	68	47	
48	54	46	
53	63	48	
42	50	23	
123	119	111	
70	79	45	
45	61	59	
49	65	60	
104	107	102	
155	166	164	
135	132	133	
81	96	95	
157	154	150	
85	93	100	
73	81	85	
139	140	140	
91	99	99	
63	70	62	
99	107	108	
116	127	125	
84	87	88	
107	100	103	
59	67	63	
60	71	58	
144	149	148	
108	104	102	
69	75	67	
122	120	118	
128	128	124	
120	121	119	
144	139	137	
65	69	60	
96	94	83	
116	113	110	
121	123	121	
136	136	127	
152	146	137	
120	115	107	
91	83	82	
130	125	123	
144	134	124	
104	101	95	
63	67	55	
51	54	45	
64	70	54	
104	95	90	
78	79	65	
148	144	134	
78	81	66	
50	58	42	
53	59	46	
59	65	51	
64	70	58	
110	114	101	
75	78	64	
97	98	94	
133	130	129	
162	153	145	
85	83	77	
105	99	94	
146	136	129	
48	56	52	
118	116	104	
110	109	109	
88	95	93	
95	95	89	
52	62	51	
58	68	50	
59	59	49	
74	76	63	
42	49	42	
44	58	42	
7	14	7	
61	83	37	
67	72	53	
47	64	59	
49	66	59	
75	82	76	
70	69	71	
86	93	96	
99	109	113	
80	91	89	
63	73	71	
174	169	170	
60	69	66	
94	101	103	
121	125	123	
66	69	71	
87	80	86	
115	117	117	
31	41	49	
50	60	50	
111	113	108	
118	119	121	
97	93	93	
101	99	100	
101	98	97	
121	118	117	
110	108	106	
128	127	126	
97	95	97	
131	124	121	
168	163	158	
125	124	122	
134	134	132	
155	148	143	
79	80	72	
150	142	132	
134	127	117	
103	107	99	
68	67	57	
97	95	88	
59	67	58	
86	84	75	
105	101	98	
125	121	114	
140	137	134	
124	122	116	
113	101	94	
40	49	38	
50	57	42	
53	63	42	
82	88	64	
72	81	71	
84	88	77	
104	100	95	
120	109	109	
154	147	141	
162	146	132	
42	49	40	
61	69	72	
35	46	52	
77	66	71	
60	67	63	
42	46	49	
103	97	93	
78	79	79	
58	66	53	
107	110	100	
52	60	42	
52	66	61	
8	17	7	
28	36	16	
59	74	32	
49	72	60	
44	62	56	
44	59	58	
40	59	54	
69	78	70	
203	204	201	
93	94	97	
106	110	116	
97	100	107	
105	109	114	
98	100	103	
131	137	139	
68	82	80	
112	121	123	
131	131	133	
112	117	118	
119	113	110	
153	146	142	
80	84	70	
88	88	87	
94	98	97	
108	106	103	
126	120	118	
151	149	146	
133	126	121	
115	116	108	
153	150	143	
124	121	117	
141	141	136	
147	140	135	
115	112	110	
88	88	86	
116	108	110	
62	68	64	
132	121	108	
112	109	96	
133	127	121	
69	73	66	
66	70	57	
130	121	116	
151	134	123	
163	150	148	
66	71	58	
58	65	53	
82	88	76	
92	87	73	
73	70	57	
57	60	46	
103	102	101	
115	108	103	
95	96	95	
156	154	151	
118	120	114	
158	152	143	
62	68	59	
65	68	74	
51	58	60	
93	88	89	
32	36	38	
88	87	88	
55	61	66	
103	103	99	
100	96	96	
120	123	121	
81	79	65	
47	57	44	
66	65	52	
29	40	20	
38	51	28	
