8411a54c
1	2	2	
1	2	2	
1	2	2	
1	2	2	
1	2	2	
1	2	2	
1	2	2	
1	2	2	
1	2	2	
1	2	2	
1	2	2	
1	2	2	
1	2	2	
1	2	2	
1	2	2	
1	2	2	
1	2	2	
1	2	2	
1	2	2	
1	2	2	
1	2	2	
1	2	2	
1	2	2	
1	2	2	
1	2	2	
1	2	2	
1	2	2	
1	2	2	
1	2	2	
1	2	2	
1	2	2	
1	2	2	
1	2	2	
1	2	2	
1	2	2	
1	2	2	
1	2	2	
1	2	2	
1	2	2	
1	2	2	
1	2	2	
1	2	2	
1	2	2	
1	2	2	
1	2	2	
1	2	2	
1	2	2	
1	2	2	
1	2	2	
1	2	2	
1	2	2	
1	2	2	
1	2	2	
1	2	2	
1	2	2	
1	2	2	
1	2	2	
1	2	2	
1	2	2	
1	2	2	
1	2	2	
1	2	2	
1	2	2	
1	2	2	
1	2	2	
1	2	2	
1	2	2	
1	2	2	
1	2	2	
1	2	2	
1	2	2	
1	2	2	
1	2	2	
1	2	2	
1	2	2	
1	2	2	
1	2	2	
1	2	2	
1	2	2	
1	2	2	
1	2	2	
1	2	2	
1	2	2	
1	2	2	
1	2	2	
1	2	2	
1	2	2	
1	2	2	
1	2	2	
1	2	2	
1	2	2	
1	2	2	
1	2	2	
1	2	2	
1	2	2	
1	2	2	
1	2	2	
1	2	2	
1	2	2	
1	2	2	

